x,y,z
100.492599,39.516201,68.107803
100.492599,39.516201,68.107803
101.38018,34.488636,69.23455
98.739006,33.168144,65.915428
100.63028,33.870365,60.256271
94.472733,35.473545,60.81073
95.743721,34.067997,56.718433
92.710007,35.834,54.831497
89.864494,35.162251,52.449253
87.819,38.752247,50.715
86.767273,34.038456,48.474636
85.560669,39.98822,47.409332
80.775375,39.056499,44.292
84.197876,36.117626,43.191498
81.8545,32.055748,42.653252
81.664001,28.353834,42.030502
79.151886,24.68722,44.982224
82.727776,23.81933,39.866226
85.35434,27.220169,42.551334
84.511253,26.723375,46.6315
85.640228,21.720222,44.334335
88.814117,25.34,42.970665
89.648872,27.164251,46.588749
88.623001,24.147429,49.971714
90.291664,19.760889,47.616665
93.957909,24.633818,46.028088
93.242996,24.886625,51.496372
91.929504,20.268375,52.601624
95.82872,19.169001,49.759144
98.072601,21.5802,52.167004
101.819496,21.916,53.300503
99.819626,24.38275,55.865627
101.639145,25.418856,59.20129
99.760109,22.270668,63.414108
101.884506,27.269251,63.793877
97.83757,28.201857,61.308716
94.203552,31.274221,62.817226
93.147148,30.205143,57.867287
89.434715,32.472427,57.64957
87.416252,30.659626,53.940624
85.44416,35.001499,53.6245
82.710861,33.060284,51.501713
80.245003,33.983997,48.964001
76.735001,34.024601,51.724998
75.371712,31.392857,48.953285
78.501244,29.459581,47.411335
79.270378,30.250124,54.455002
77.077873,25.358873,54.669498
80.021828,23.539415,48.990162
82.503998,25.666834,52.410999
81.570999,24.387287,56.119289
81.078667,20.712666,54.081833
84.110123,20.939875,51.315121
86.493423,22.108143,55.471142
88.729996,18.044222,54.482113
93.221565,21.002001,56.912888
92.181709,21.856142,61.341431
94.414665,24.649887,60.275894
90.330711,26.054569,57.938
87.629715,28.657715,59.697002
84.214432,29.64143,57.246429
83.30825,33.252251,57.20425
81.692795,36.442799,56.649605
81.87178,38.626221,52.703445
78.317505,41.701622,56.008377
76.448997,41.565201,58.9674
71.564331,44.47617,60.590336
72.963875,45.606125,64.055748
69.438667,43.235222,65.027771
69.724205,38.424599,64.730598
66.164665,38.612335,63.979664
63.970997,40.3685,61.044498
62.5914,43.211002,59.134998
66.026276,43.473633,59.095364
64.692429,42.237,53.205997
68.938499,41.187,52.535
71.373772,42.10622,55.591778
73.685501,38.489624,56.246628
72.516167,36.526997,60.676163
75.599854,36.299145,63.339855
72.564377,33.787624,64.87075
71.430664,32.66433,59.99633
76.699509,32.811249,59.872498
77.118111,30.639889,64.951668
73.228378,27.710251,62.183376
75.966568,27.662144,58.771145
79.540245,27.205999,60.977749
80.729805,30.111599,60.804401
82.956451,30.537222,63.562447
86.36306,34.835499,62.664497
82.229713,38.61414,60.530148
84.523499,40.683372,57.380501
82.769005,44.031872,59.977375
84.189751,47.632004,57.375751
86.001297,45.940002,53.322197
86.241493,49.696167,51.788502
84.338554,46.948669,49.145889
79.790459,47.328636,52.674545
83.737541,52.06918,55.720459
82.324333,53.264999,49.984333
81.321167,50.29108,46.499836
77.474907,49.549999,50.165638
77.1399,54.773602,51.663994
78.418335,50.717888,55.943222
78.552132,54.412498,59.744122
82.153496,54.853252,61.892628
77.129326,54.347221,64.595779
75.923729,50.267361,60.505821
81.053741,49.521252,61.530624
80.127602,49.760601,65.980804
76.519379,48.975494,66.581123
77.689339,45.651665,62.334229
81.508286,44.768139,65.931717
78.733109,45.894222,69.373222
75.284271,41.511723,67.765373
78.879799,39.650597,67.017403
81.807625,40.232124,69.897377
77.828499,38.689251,71.536499
75.510223,36.620331,69.330894
80.124001,34.658752,69.306252
80.971146,35.603142,66.215004
84.125,36.674,64.713249
85.25,40.461575,64.298141
87.787003,40.347504,60.415749
87.762131,45.658749,62.192997
88.11834,46.6875,58.350998
90.625877,49.972626,59.467377
91.746002,52.796249,56.556248
94.587784,55.205559,54.236446
92.236435,57.663288,51.512569
95.541,58.537624,47.784752
92.626442,62.800224,50.390778
93.284332,60.383667,54.274445
99.273453,58.937778,52.245777
98.762337,62.790997,49.582005
97.262993,64.774605,54.5532
98.974754,62.431499,56.241501
97.423889,62.268448,60.84367
96.718567,57.867283,58.286709
97.04187,57.519375,62.383373
93.574509,60.941246,62.388252
91.147423,57.963284,59.686001
92.689713,54.31657,61.847858
93.096107,57.099663,65.717995
89.12072,59.939274,62.938358
88.111107,53.908665,61.631226
89.919502,51.956371,66.099754
87.708122,55.430748,68.925377
83.912796,53.858398,67.063606
84.90715,50.178001,68.169853
87.076881,51.515621,71.746002
83.355782,54.235229,72.34211
80.478783,50.391445,71.533112
84.138,46.891144,72.172005
85.436554,47.70422,76.40799
86.681999,41.785751,75.362373
89.01165,44.857929,71.123787
89.432716,38.446285,73.010719
87.389008,37.565876,69.649498
88.951149,41.648998,67.440285
91.294426,40.449429,63.797142
92.566284,44.672142,63.377857
92.577797,45.007801,59.432201
95.986412,49.346333,57.810993
92.843658,46.976555,54.53289
95.362717,50.453999,52.672428
91.727425,52.409142,50.14043
96.953293,53.236996,49.146717
95.828201,48.769798,47.897797
92.057129,47.453625,48.265755
93.240746,45.952499,44.006252
95.59243,48.510571,43.126995
99.177757,46.75,43.091499
100.136627,49.773373,44.930626
101.449394,47.3424,48.1572
102.597397,48.4842,51.3592
106.243568,49.434429,52.334999
107.147713,46.423283,54.501862
109.23333,49.374439,55.646889
105.166496,52.1035,55.412746
103.189796,48.937801,57.373802
105.733994,47.676338,61.37711
105.52475,52.334251,60.820873
100.85537,52.176746,60.244125
100.461494,47.636204,62.028099
102.465004,50.197201,66.2248
100.797661,53.125,66.018829
97.303749,50.350498,65.580498
99.96801,46.679638,68.718369
100.091003,53.740776,70.080444
95.135101,53.633911,69.747452
94.503876,49.962128,70.978996
97.520798,50.4156,74.534195
96.139671,53.796665,75.726158
92.362,53.208889,75.281334
92.673744,47.799873,74.671631
95.836998,47.422001,77.206253
99.896873,46.403873,77.487373
97.173668,41.219997,78.013214
95.738602,43.378799,74.869598
97.846001,44.957401,72.544403
99.915001,41.663166,73.140503
97.421783,39.027222,73.421883
95.341614,42.625252,69.068123
95.630638,38.412457,65.859451
97.217125,44.168251,63.369629
95.898872,41.680626,59.881874
98.848,44.42017,54.51717
96.008247,44.630001,53.478249
96.744751,45.322998,50.03825
97.84951,44.014332,47.163498
98.581802,40.641399,49.186199
101.13887,38.9935,46.407375
102.596252,35.708,47.341499
105.276512,37.016834,45.689667
104.122742,40.452625,48.742126
104.659203,37.652,51.648602
108.512146,36.718861,51.92643
108.522438,41.133289,51.866573
105.320076,41.939274,54.964909
109.735443,36.620224,57.349445
110.62175,38.699753,60.525249
108.168892,43.039227,59.746555
106.246994,42.741001,64.631599
103.423378,44.797874,64.632248
102.651863,42.345001,60.236
100.526871,39.612877,63.307877
99.006248,39.213997,58.776501
98.513084,38.710182,55.283817
92.658005,40.379002,54.755127
94.030571,37.954571,51.082573
91.576248,38.626251,48.199249
92.375,38.206501,44.939999
94.7314,35.653801,45.7024
92.15667,34.175835,47.919666
90.672379,33.430622,44.406368
95.12178,33.438778,42.801334
96.936852,29.005573,43.77486
99.174553,33.373337,44.995106
95.499908,32.03091,50.096363
99.199997,28.621716,49.797283
102.54612,30.859125,48.613625
100.269623,34.270123,51.438995
99.779121,30.428751,54.579002
103.4795,28.46575,53.864376
105.446167,33.238163,54.62817
106.708817,31.275002,59.136906
104.801,36.63,58.227
